65.8073	40.5007	0
50.7463	48.1591	0
58.7476	44.7514	0
14.0214	67.6921	0
58.8543	44.7206	0
46.0396	51.6331	0
59.1006	44.469	0
13.075	68.2981	0
27.9341	60.5896	0
10.5587	70.188	0
38.2625	55.3924	0
9.6082	70.0853	0
57.2256	45.8453	0
42.3146	53.6309	0
23.2327	63.332	0
27.5871	61.1288	0
60.0421	44.6179	0
9.3759	69.9877	0
4.9826	72.9355	0
8.2399	70.794	0
20.7723	64.241	0
4.108	73.0023	0
59.7648	43.9041	0
17.6307	65.8638	0
27.8883	60.6615	0
6.2004	71.8313	0
61.942	43.5754	0
39.2169	55.0277	0
15.6979	67.0501	0
6.9574	71.6619	0
47.4837	50.4776	0
38.2874	55.721	0
42.7125	53.3535	0
15.2312	67.2658	0
27.5222	60.8669	0
11.5281	69.243	0
40.6431	53.9441	0
51.491	49.1064	0
4.8051	72.992	0
42.0882	53.3535	0
2.1093	74.204	0
32.7887	58.1989	0
16.3372	66.9628	0
59.8366	44.4536	0
38.6414	55.2896	0
12.9004	68.4213	0
1.2187	74.5789	0
29.47	59.8603	0
2.6529	73.7418	0
4.9527	72.6993	0
53.4517	47.7147	0
7.7911	71.4205	0
6.5854	71.7338	0
4.5668	72.7866	0
58.6398	44.9415	0
47.6413	50.719	0
38.3911	55.0534	0
40.9433	53.7901	0
50.4368	49.4864	0
58.7127	44.7104	0
20.4751	64.4464	0
28.7759	59.9682	0
33.3616	58.2221	0
42.0912	53.6154	0
26.3235	61.3342	0
48.9837	49.6713	0
47.5795	50.2927	0
27.4135	61.2058	0
34.5235	57.4979	0
46.3667	51.5561	0
0.8108	74.7535	0
34.0697	57.5236	0
14.3116	67.7537	0
2.7935	73.6545	0
56.9115	45.8864	0
15.5633	67.0809	0
46.9591	51.3866	0
46.5483	51.3096	0
0	75.1746	0
35.5088	56.6711	0
2.6579	74.127	0
43.3059	53.0197	0
10.2954	69.9517	0
58.9939	44.6847	0
55.1382	46.6619	0
16.5197	66.7882	0
44.9515	52.198	0
20.2507	64.6467	0
35.7482	56.4914	0
25.5765	61.8529	0
38.1976	55.757	0
56.0219	46.1021	0
16.5776	66.7779	0
57.3603	45.3626	0
38.6953	55.454	0
21.8574	63.6966	0
50.1027	48.9934	0
23.863	63.0444	0
25.8717	61.7245	0
26.3773	61.2726	0
58.8732	44.623	0
39.9589	54.925	0
42.4173	53.1892	0
62.2751	43.4059	0
11.8822	69.0068	0
17.7085	66.249	0
46.1364	51.2325	0
25.004	62.4127	0
58.0654	45.2445	0
64.0324	41.9628	0
37.9862	55.2588	0
20.9748	64.4053	0
62.7837	43.1851	0
14.5121	67.7126	0
59.1535	44.6949	0
49.2769	49.4608	0
41.1936	53.8517	0
41.6693	53.8517	0
28.0498	60.6666	0
37.9363	55.7724	0
28.4727	60.8515	0
51.1918	48.5466	0
38.5557	55.5772	0
37.1534	55.7518	0
25.3162	62.1148	0
33.8483	57.7342	0
43.3349	53.0454	0
14.8472	67.5123	0
25.9544	61.8324	0
58.3925	45.3523	0
3.2293	73.3618	0
34.1106	57.2925	0
47.8727	50.3544	0
42.3555	53.5435	0
26.3643	61.8016	0
44.9655	52.1775	0
50.9106	48.8496	0
35.1418	56.9125	0
57.9178	45.3934	0
53.4258	47.5503	0
30.7745	59.2954	0
25.4388	62.1559	0
24.8146	62.3219	0
0.9445	75.0924	0
59.3509	44.6385	0
28.3251	60.2763	0
47.4079	50.683	0
52.241	48.0742	0
48.4571	50.2979	0
32.6704	58.4018	0
31.3619	59.3673	0
47.6383	50.9039	0
21.5622	64.1742	0
26.5399	61.3496	0
35.7841	56.5889	0
39.3176	55.115	0
48.889	50.1387	0
32.792	58.2422	0
23.1938	63.1111	0
2.7177	73.5929	0
16.403	66.5314	0
16.1816	66.4749	0
42.2218	53.4562	0
59.327	44.5306	0
39.6308	55.1664	0
44.0719	52.9273	0
18.7468	65.4838	0
16.9675	66.1719	0
42.3415	53.1122	0
32.9597	57.9345	0
37.1195	56.0857	0
49.2131	49.8973	0
30.2749	59.3673	0
6.9454	71.7132	0
8.5162	71.1124	0
26.8869	61.2675	0
56.4746	46.3537	0
41.2365	53.6154	0
58.4274	44.9825	0
43.671	52.6654	0
27.5202	60.9645	0
55.6299	46.7184	0
20.889	64.0201	0
5.1542	72.5349	0
25.2124	62.1919	0
43.3029	52.691	0
21.7956	63.5939	0
6.5963	71.5797	0
64.0474	42.0963	0
38.9376	55.2126	0
1.507	74.2964	0
24.7467	62.2535	0
0.8996	74.5532	0
41.776	53.8774	0
8.7107	70.9378	0
6.0029	71.9649	0
18.7837	65.6841	0
57.6874	45.0647	0
55.3377	46.5848	0
52.0864	48.562	0
26.0472	62.1097	0
39.1012	55.264	0
30.3417	59.8706	0
30.6698	59.8449	0
25.4777	62.007	0
46.4665	51.2839	0
17.7434	66.1873	0
45.4332	51.4277	0
31.716	58.8332	0
31.0338	59.4392	0
54.6595	46.9341	0
54.3483	47.2371	0
37.6192	55.8083	0
21.6161	63.8147	0
6.1894	71.8878	0
44.5646	52.044	0
3.3061	73.0485	0
26.9049	61.3804	0
39.8422	54.8172	0
43.8016	52.6089	0
41.8987	53.6	0
18.2032	65.5916	0
25.6233	61.7143	0
58.6827	45.2188	0
48.3694	50.2825	0
53.6861	47.5298	0
58.3157	45.2136	0
55.5611	46.8211	0
7.9367	71.2253	0
31.5854	58.977	0
55.8982	46.2048	0
32.9088	58.3248	0
31.1824	59.3776	0
19.8109	65.2938	0
50.8188	48.7469	0
0.0369	74.6816	0
16.8159	66.4698	0
15.8146	66.8601	0
13.1258	68.1748	0
6.1445	71.9443	0
29.6864	59.9836	0
36.9659	56.0035	0
23.0313	63.2857	0
11.0015	69.5152	0
40.0995	54.6323	0
54.2007	47.2165	0
33.594	57.9858	0
57.3573	45.9686	0
53.344	47.6017	0
32.6166	58.4326	0
10.2126	70.1571	0
18.9253	65.8227	0
59.5065	44.1917	0
15.3359	67.3583	0
37.0487	56.0086	0
43.6969	52.6397	0
5.0724	72.386	0
31.5744	58.9565	0
25.9674	61.817	0
14.4423	68.1081	0
29.6675	59.9938	0
48.7733	50.1746	0
50.9375	48.5004	0
51.3334	48.6288	0
32.8171	58.1656	0
25.2683	62.3922	0
20.4911	64.8367	0
46.7168	50.9758	0
35.7861	56.9022	0
52.4983	48.5312	0
6.2592	72.3552	0
14.554	67.4199	0
57.2296	45.3574	0
42.6677	53.6565	0
53.731	47.3963	0
16.2056	66.5058	0
5.2719	72.7506	0
62.9014	42.8153	0
62.2661	42.8718	0
23.4741	62.8646	0
16.1348	67.0553	0
8.0504	71.2459	0
58.7835	44.849	0
10.2914	69.7668	0
63.5078	42.1991	0
54.3962	47.16	0
59.7608	44.623	0
36.2808	56.5376	0
15.1025	67.3172	0
34.2333	57.6366	0
41.8708	53.6668	0
59.6791	44.4587	0
45.144	51.9669	0
19.7301	64.9343	0
57.7821	45.4756	0
39.936	54.8172	0
60.3592	43.9503	0
54.0531	46.9392	0
40.3369	54.4628	0
58.4194	45.0339	0
55.7526	46.554	0
63.077	42.918	0
58.4444	44.9415	0
5.4225	72.1549	0
63.8678	42.2761	0
53.3022	47.8276	0
21.7138	63.9226	0
38.1717	55.6235	0
18.0766	65.8022	0
27.8524	61.0569	0
17.6726	66.4647	0
45.3624	51.7718	0
35.6844	56.7379	0
3.9664	72.9047	0
23.5988	62.9263	0
42.0553	53.8465	0
36.1292	56.5479	0
51.877	48.4491	0
61.4782	43.0926	0
37.316	56.0548	0
25.2344	62.0994	0
5.0465	72.6736	0
13.9985	67.8872	0
24.0456	62.5103	0
58.0813	45.1315	0
35.0032	57.2001	0
15.0138	67.1374	0
47.8258	50.6574	0
50.2643	49.2143	0
61.8592	42.9591	0
47.1167	50.8114	0
13.2684	68.6627	0
9.4118	70.0442	0
59.8436	44.5409	0
19.0888	65.15	0
11.0095	69.3663	0
43.652	52.8965	0
62.0367	43.2775	0
22.5974	63.6196	0
57.0681	45.794	0
64.1551	42.3685	0
56.2852	46.1226	0
10.1538	69.926	0
13.5357	68.1954	0
36.6727	56.5222	0
27.7666	60.985	0
63.6195	42.6304	0
42.2348	53.2765	0
33.967	57.7753	0
14.2688	67.6253	0
62.686	43.144	0
60.444	44.3355	0
53.5405	47.7249	0
62.5364	42.9951	0
3.7998	73.3463	0
54.7413	46.8673	0
17.3226	66.1668	0
49.4983	49.4402	0
63.0032	42.3891	0
10.9257	69.4074	0
44.4987	52.3675	0
22.4957	63.6658	0
57.7941	45.1366	0
30.1691	59.8603	0
54.2187	46.9649	0
34.9653	57.1487	0
21.0077	64.4515	0
49.3308	49.7689	0
55.0714	46.7338	0
17.7694	66.1463	0
16.4	66.3465	0
31.5494	58.5251	0
60.6156	43.6884	0
17.8412	65.9871	0
18.7737	65.9152	0
52.255	48.5672	0
10.2745	70.1315	0
47.4788	50.6676	0
46.3578	51.5561	0
10.1518	69.9209	0
45.3844	51.9207	0
11.3087	69.4228	0
9.6761	70.3934	0
11.3665	69.0787	0
31.6342	59.09	0
30.8214	59.0386	0
42.8252	52.9016	0
57.4879	45.1161	0
12.1006	68.7859	0
1.9917	74.1732	0
63.9536	41.9474	0
28.8417	60.2814	0
9.0577	70.7221	0
31.3051	58.638	0
61.4244	43.637	0
1.6975	74.2553	0
9.3499	69.962	0
21.5592	64.1537	0
52.8055	47.9714	0
10.6355	69.5409	0
1.6456	74.3581	0
41.2275	53.4408	0
30.6379	59.4187	0
36.5102	56.7482	0
8.5621	70.794	0
55.5671	46.893	0
59.4616	44.849	0
4.3803	72.8893	0
52.7117	48.0228	0
46.5113	50.9809	0
63.5856	42.7845	0
16.1447	66.9115	0
34.0079	57.8882	0
48.882	49.9897	0
47.1686	50.986	0
63.1926	42.8051	0
17.7584	66.1719	0
31.4617	59.1567	0
25.5665	61.6886	0
8.6009	70.9121	0
52.224	48.6288	0
5.7825	72.3244	0
54.6755	46.6208	0
33.0105	58.3967	0
42.6766	52.994	0
26.4322	61.6424	0
56.2842	46.1843	0
2.4694	74.3067	0
50.2064	49.0807	0
23.8002	63.1009	0
44.1178	52.0131	0
21.8185	63.7017	0
22.5196	63.2601	0
64.4383	41.6495	0
0.5406	75.0051	0
18.0486	66.0744	0
54.1908	47.083	0
24.6619	62.4538	0
42.918	53.0454	0
1.2397	74.3426	0
27.2929	61.1493	0
12.695	68.7859	0
61.7705	43.4521	0
62.9792	42.5123	0
55.7765	46.6567	0
39.5251	54.6477	0
60.6624	43.7859	0
22.1586	63.6504	0
14.5321	67.8256	0
10.7302	69.7668	0
48.3634	50.19	0
56.5036	46.2562	0
50.9275	48.9267	0
64.2368	42.158	0
62.0447	42.954	0
55.9261	46.6311	0
9.6801	70.2958	0
6.2762	72.1446	0
22.0449	63.6452	0
30.4105	59.4649	0
58.7186	44.6487	0
27.4614	61.1442	0
33.94	57.5288	0
0.6652	74.9641	0
0.8607	74.4608	0
24.0186	62.8287	0
32.5717	58.7356	0
10.7282	69.3406	0
5.9142	72.4014	0
23.9867	63.1882	0
37.4895	55.8648	0
5.4594	72.4682	0
35.0142	56.8611	0
32.845	57.9191	0
60.2216	44.32	0
36.7655	56.1267	0
29.3643	60.0555	0
40.6521	53.9698	0
4.1339	73.2025	0
52.7426	48.1358	0
55.7087	46.2818	0
57.9327	44.9825	0
28.9215	60.6204	0
44.3641	52.4702	0
52.0994	48.5055	0
54.9986	46.8108	0
21.8474	63.8507	0
52.1712	48.6853	0
61.2279	44.0119	0
33.4234	58.0577	0
27.6539	61.0826	0
56.5345	46.2253	0
4.5658	73.0485	0
61.7645	42.9745	0
10.1239	69.8439	0
59.6432	44.4484	0
55.2948	47.0676	0
35.4101	57.4004	0
53.3091	47.7506	0
17.0593	66.3774	0
40.7767	53.8568	0
16.2016	66.6393	0
12.7189	68.5394	0
67.7524	40.1844	0
20.0203	65.0318	0
27.1343	60.9901	0
18.656	65.6532	0
43.289	52.9324	0
52.223	48.2539	0
15.8914	66.855	0
11.577	69.5563	0
34.2442	57.4363	0
56.5893	45.7015	0
39.4902	55.074	0
9.3809	70.5115	0
10.0321	70.0442	0
3.8447	73.5107	0
23.7713	62.8954	0
8.9071	70.6194	0
57.7063	45.2804	0
33.1581	58.1502	0
4.8251	72.6582	0
47.9864	50.2311	0
23.7424	63.0444	0
10.0441	70.0647	0
35.6495	57.1795	0
37.7967	55.7364	0
57.6236	45.7169	0
45.8461	51.3096	0
51.1399	48.8394	0
41.432	54.0417	0
15.9243	66.742	0
28.5076	60.2301	0
32.1668	58.448	0
7.3563	71.6259	0
12.6581	68.7141	0
58.0534	45.5064	0
45.512	51.818	0
43.0097	53.0351	0
37.7758	56.0497	0
2.7646	73.5364	0
63.9775	42.0655	0
12.4167	68.7346	0
24.8564	62.423	0
27.1462	61.3034	0
58.0125	45.3215	0
23.2158	63.1625	0
30.2709	59.7525	0
50.2424	49.0345	0
4.6914	72.7506	0
3.0548	73.7675	0
56.0239	46.3435	0
28.5126	60.8207	0
55.4424	46.6002	0
7.3613	71.5438	0
44.9386	52.1005	0
48.1908	50.5444	0
60.6624	44.13	0
62.6671	42.4969	0
6.6572	71.8262	0
42.7893	53.1584	0
50.4628	49.3324	0
21.0606	63.9585	0
0.4338	74.5737	0
1.3953	74.697	0
16.794	66.5058	0
30.226	59.9271	0
48.1579	50.0616	0
48.517	50.4468	0
31.4806	58.9975	0
4.6645	72.6633	0
25.6832	61.5345	0
60.3562	43.7551	0
2.7666	73.8753	0
27.4953	61.2058	0
11.1741	69.32	0
21.7158	63.9482	0
36.9809	56.0138	0
24.6779	62.8544	0
35.8858	56.5684	0
19.5855	65.0216	0
42.6268	53.2662	0
38.0999	55.4797	0
37.3459	56.2397	0
39.3715	54.5861	0
9.1744	70.3369	0
51.8401	48.6083	0
57.6435	45.7426	0
6.5564	71.5438	0
9.2153	70.152	0
5.2469	72.273	0
61.8472	43.1183	0
51.3474	48.6288	0
18.3947	65.8433	0
50.2084	49.3272	0
10.2176	70.3882	0
56.3181	46.5027	0
12.1405	68.7141	0
26.8261	61.3753	0
51.6037	48.2899	0
60.068	44.5512	0
46.626	51.0682	0
2.7277	73.7931	0
44.5995	52.5267	0
42.3685	53.636	0
0.2573	74.9743	0
24.5183	62.4897	0
34.325	57.5442	0
28.7888	60.2044	0
5.3357	72.1138	0
11.1072	69.4022	0
36.9719	56.2089	0
54.2227	47.3192	0
20.5549	64.1074	0
11.94	69.0273	0
38.9257	55.074	0
13.7551	68.0721	0
16.06	67.0553	0
10.6215	69.736	0
36.1122	56.7944	0
8.9321	70.6194	0
45.9528	51.7615	0
55.4833	46.6927	0
58.594	44.9466	0
59.4796	44.5152	0
27.8813	60.8155	0
25.001	62.4281	0
61.7266	43.144	0
25.7819	61.7194	0
30.3507	59.5676	0
62.9413	42.574	0
61.0125	44.0222	0
58.7525	45.188	0
0.2982	74.9178	0
21.4385	64.1228	0
39.0414	54.7401	0
12.296	68.8065	0
8.8343	70.4704	0
63.3532	42.5226	0
24.5382	62.7516	0
6.4756	72.006	0
9.1186	70.6091	0
8.2888	70.9737	0
1.6027	74.014	0
13.1308	68.673	0
30.6169	59.2184	0
42.7434	52.8657	0
4.1798	73.4696	0
56.9015	45.4704	0
63.1298	42.4147	0
60.6076	43.9246	0
45.9967	51.592	0
38.7212	55.531	0
35.3852	56.8611	0
28.7549	60.3071	0
31.636	58.9122	0
39.944	54.3242	0
42.0543	52.9221	0
32.8131	58.7767	0
34.5464	57.4774	0
32.2915	58.6689	0
34.5335	57.8985	0
38.8529	55.115	0
42.161	52.8657	0
33.8742	57.8574	0
31.2363	59.1619	0
32.0744	58.7942	0
30.6479	59.6446	0
36.2508	56.4297	0
35.462	56.9074	0
38.1897	55.9778	0
42.0624	85.8616	1
45.9973	42.1208	1
30.6808	82.3541	1
38.441	33.9	1
34.0906	45.9994	1
34.1964	73.2796	1
33.1153	66.968	1
42.3306	6.7687	1
32.9487	33.1604	1
36.6019	0.6522	1
31.1475	69.5563	1
39.0613	46.1124	1
35.0301	23.7726	1
36.6677	14.4258	1
32.7482	64.3539	1
40.9483	22.2627	1
40.8645	35.3225	1
43.271	48.562	1
29.9308	58.6329	1
27.1293	68.8989	1
36.2628	38.4398	1
37.0916	62.8184	1
42.0643	20.3677	1
35.4061	29.4577	1
40.0028	28.4973	1
35.5118	30.9984	1
37.8047	45.9942	1
34.4716	19.7823	1
41.3841	37.1302	1
41.2106	35.3328	1
40.3698	39.5337	1
33.7186	32.4312	1
33.957	71.9649	1
33.3676	42.841	1
30.965	47.6479	1
34.1714	65.2783	1
30.4285	68.5343	1
33.8244	46.8313	1
36.5321	91.326	1
36.5141	78.8414	1
39.0922	7.8677	1
34.6212	63.2447	1
41.0839	61.5191	1
33.4304	38.9123	1
35.1488	70.1417	1
34.6202	22.1395	1
35.3961	59.547	1
29.9238	85.2712	1
33.566	47.6633	1
40.4227	55.0123	1
28.375	41.1822	1
38.792	8.6843	1
32.086	70.9275	1
38.0401	51.6074	1
33.2658	52.2186	1
33.2948	78.3433	1
28.2144	74.5789	1
42.4542	23.3669	1
35.4689	22.4733	1
37.5992	47.576	1
37.9363	45.2855	1
33.5142	43.9914	1
29.836	76.0477	1
40.0168	53.7644	1
28.6662	50.2106	1
36.2828	36.2521	1
35.8729	39.205	1
37.69	7.3028	1
36.3157	84.244	1
27.4993	83.8281	1
36.7126	32.6109	1
31.9324	78.1738	1
34.0158	53.8722	1
32.8799	48.1871	1
43.0815	32.0974	1
31.0548	49.0294	1
32.4331	34.7525	1
29.5279	34.7987	1
35.6764	91.7317	1
44.5147	21.7338	1
40.7089	28.4562	1
39.1281	26.782	1
36.5052	43.8784	1
42.4223	51.0477	1
28.0359	71.061	1
35.2246	24.4762	1
32.6714	64.5902	1
35.1388	13.4347	1
35.9935	34.0951	1
33.7805	50.2208	1
27.8932	49.9846	1
29.2077	66.7677	1
29.3513	70.0236	1
27.0595	90.5249	1
35.9985	52.0748	1
37.0796	7.9345	1
32.1927	77.6602	1
37.4407	51.7101	1
38.8359	68.0259	1
40.2112	18.8835	1
40.3409	38.938	1
43.0436	40.1962	1
36.8273	22.1395	1
28.9873	58.5867	1
30.0365	75.529	1
40.9283	22.3346	1
35.2186	66.552	1
33.7545	37.8544	1
34.1844	32.6674	1
30.9291	51.3198	1
35.2435	50.7549	1
31.0338	65.9973	1
37.8536	34.8706	1
32.4341	82.3182	1
42.1919	49.4043	1
28.3121	49.3786	1
36.9988	63.8661	1
34.1964	34.3724	1
28.0668	71.7184	1
36.0524	49.3272	1
38.0321	25.0565	1
27.6379	80.834	1
32.9387	90.114	1
37.5414	67.615	1
39.8402	40.9922	1
38.4789	24.507	1
30.7267	46.3435	1
27.4534	71.2972	1
27.6519	64.3899	1
35.3094	66.5725	1
43.3708	26.6485	1
30.3247	65.6841	1
29.4481	74.7586	1
29.7213	40.9973	1
41.778	14.5234	1
39.6368	62.0327	1
32.9487	73.2436	1
35.9008	37.387	1
38.788	29.3139	1
32.0571	61.1237	1
36.2379	17.6664	1
29.7243	48.5466	1
36.4623	32.2412	1
40.2023	40.946	1
32.7004	41.7163	1
28.1675	84.9373	1
36.0095	76.3353	1
37.7728	33.8486	1
34.6222	66.0744	1
38.3801	47.006	1
32.1778	54.355	1
38.049	59.5008	1
33.8543	71.4975	1
31.5285	72.2627	1
36.1032	69.7771	1
34.5195	72.6274	1
33.8433	69.2687	1
35.7492	52.65	1
41.403	59.393	1
31.9474	88.9636	1
32.7153	66.3209	1
36.1292	5.4026	1
37.5783	35.0914	1
32.8011	84.9271	1
32.0371	93.9195	1
37.7847	8.0731	1
35.1039	23.0382	1
38.5497	63.2087	1
32.2027	73.5466	1
43.664	8.7099	1
32.076	54.1547	1
32.6714	52.2648	1
28.4069	86.4729	1
32.8889	30.567	1
35.7522	43.6113	1
30.6479	52.8811	1
35.3752	44.5203	1
31.4517	41.4852	1
30.1133	40.8124	1
30.9899	57.1076	1
40.3179	43.56	1
38.3971	12.274	1
39.2239	22.915	1
33.9969	6.9793	1
40.6181	56.0138	1
37.3708	37.0943	1
42.1062	48.5518	1
36.0544	53.8517	1
35.0251	40.8895	1
36.1491	24.1783	1
31.7439	29.6734	1
29.5867	54.2625	1
40.8485	38.4706	1
33.8313	52.2032	1
32.7073	94.1711	1
40.2591	66.6187	1
35.3931	50.5855	1
41.4858	5.9778	1
33.6329	24.4762	1
37.299	55.3975	1
37.3968	35.1376	1
40.3927	5.567	1
38.3652	15.1294	1
36.4772	30.4232	1
31.335	62.6797	1
34.702	66.2798	1
32.0212	60.1993	1
33.4733	94.243	1
34.4846	61.1545	1
31.2911	29.1752	1
40.7288	52.0388	1
42.5978	3.5127	1
43.9263	17.0553	1
32.0172	54.016	1
34.9713	32.6982	1
33.2718	63.5785	1
37.299	49.3529	1
26.1928	85.0247	1
37.7738	60.7436	1
39.3495	55.6183	1
40.5902	60.9901	1
28.6801	42.0912	1
42.8023	23.7829	1
44.2584	31.0908	1
32.0451	68.0978	1
32.083	44.3406	1
34.6591	78.1687	1
31.8756	97.3654	1
35.3333	42.7075	1
34.8855	50.9963	1
33.5252	64.8367	1
41.5367	47.2371	1
42.6956	10.4714	1
34.2652	54.7812	1
33.2948	38.676	1
42.1191	12.726	1
40.9901	67.2658	1
36.3755	49.5583	1
41.0769	14.6364	1
34.0308	16.0076	1
29.2287	75.2465	1
41.6873	42.3429	1
41.05	16.1873	1
35.1438	27.9838	1
38.7501	18.1235	1
29.6366	36.6783	1
34.4796	37.274	1
34.331	44.9569	1
27.6309	47.0984	1
29.5159	72.7198	1
32.8111	64.2769	1
43.299	47.0111	1
30.7875	83.3248	1
41.401	20.1777	1
31.0249	50.683	1
30.2709	77.8451	1
33.198	21.4878	1
31.9992	65.5557	1
36.2937	40.1037	1
33.7944	31.0446	1
38.5956	22.4784	1
41.8538	10.6563	1
31.2203	90.3759	1
40.5653	26.9977	1
30.9969	50.3852	1
26.7553	69.0325	1
34.7219	7.8831	1
33.9091	40.8741	1
36.9919	68.2416	1
41.2504	22.3809	1
30.5661	51.4226	1
27.6669	83.5353	1
37.4187	21.5489	1
29.4251	67.5021	1
26.9677	60.2455	1
33.0265	19.3817	1
26.2337	55.7518	1
32.2466	62.6695	1
34.9304	62.0429	1
34.8576	62.2484	1
37.2312	46.8262	1
39.8362	71.1535	1
33.5182	24.9538	1
33.1591	80.3102	1
36.8722	67.0963	1
37.7967	45.8607	1
35.5747	39.4464	1
32.6744	39.508	1
38.9745	70.2855	1
38.6664	63.9688	1
34.9583	81.5119	1
35.8519	50.7138	1
32.4012	29.4269	1
33.8573	58.9359	1
30.7356	75.6779	1
33.9321	56.2705	1
34.689	58.2272	1
32.2964	90.7046	1
27.8843	69.0992	1
38.6055	22.9817	1
33.1053	63.1779	1
34.5783	51.9258	1
41.0999	44.2738	1
37.9094	44.0273	1
36.189	60.6923	1
35.6864	34.3981	1
33.6019	64.3488	1
29.5239	52.7732	1
39.9459	10.6306	1
34.9982	62.7208	1
30.2599	51.1041	1
32.2945	79.432	1
32.088	44.4998	1
30.0016	37.1302	1
31.6392	37.4281	1
36.3436	32.3387	1
33.3766	48.0279	1
37.3399	17.3377	1
27.237	91.213	1
34.8985	62.69	1
28.3391	72.5965	1
33.3436	63.4039	1
25.74	77.9581	1
36.2159	62.3511	1
33.588	35.0298	1
27.0565	50.7344	1
34.334	40.8227	1
34.1954	21.138	1
25.8397	56.9433	1
32.5847	76.818	1
32.4819	38.7377	1
32.6794	63.6812	1
40.5334	63.9174	1
33.4673	48.1666	1
36.933	37.7825	1
29.9009	64.7545	1
37.0308	47.4014	1
36.0255	75.529	1
39.5819	35.6615	1
39.1251	52.9786	1
36.0085	53.7284	1
35.6824	93.7038	1
43.9692	20.1777	1
38.043	23.1923	1
42.3724	10.5998	1
33.5391	13.8096	1
35.2455	29.6272	1
29.6535	37.5924	1
32.7811	26.2428	1
30.0644	60.7539	1
39.2588	37.1765	1
38.2206	66.4852	1
40.4865	18.1697	1
35.1827	84.2184	1
38.7172	41.2336	1
40.3399	22.8739	1
33.3008	61.8016	1
34.716	51.8796	1
37.31	79.4063	1
33.4563	72.4528	1
37.7079	47.576	1
35.5707	28.3124	1
28.7589	34.3313	1
41.4509	21.3332	1
28.4647	59.2646	1
39.4642	47.5401	1
40.1285	62.0378	1
29.097	79.3704	1
38.7023	57.1282	1
39.189	36.3085	1
41.4788	50.3338	1
33.4863	50.1643	1
31.7499	66.9115	1
37.1814	16.326	1
36.207	27.008	1
36.7216	28.8209	1
36.6099	36.9505	1
33.6149	79.5963	1
36.6219	41.0641	1
31.8008	69.2379	1
35.1179	29.4936	1
30.4454	34.9014	1
35.3233	15.4324	1
31.2253	45.4499	1
36.564	43.5446	1
31.6611	43.1081	1
33.7845	58.6226	1
38.8429	28.8979	1
28.1306	73.7726	1
29.7004	50.0462	1
31.4318	54.4885	1
37.1016	63.6247	1
35.4071	53.5384	1
35.2824	61.3599	1
33.4264	56.6557	1
33.4384	76.9002	1
31.9733	52.3521	1
38.4749	68.0105	1
36.4054	31.476	1
31.6183	49.3581	1
33.9361	52.5164	1
39.0204	72.7609	1
27.3826	51.6434	1
33.7984	67.4558	1
34.8267	47.9304	1
36.557	64.8932	1
36.0274	7.349	1
37.3679	47.7968	1
39.1979	54.2317	1
33.3775	47.8482	1
31.1515	39.4772	1
33.6079	28.8465	1
35.0182	61.8221	1
37.0996	43.8014	1
29.6296	63.9534	1
38.2734	53.8209	1
37.3679	23.0793	1
28.6013	54.3293	1
32.1	26.6947	1
32.7602	75.8525	1
39.0862	31.2243	1
34.8865	85.8309	1
35.4021	47.7198	1
34.707	64.282	1
34.4048	11.401	1
31.0637	53.7233	1
26.1649	91.6033	1
32.9068	53.5076	1
31.9035	60.1325	1
34.8177	40.0729	1
31.7978	43.6216	1
30.7376	80.3102	1
29.1738	47.915	1
35.826	50.7806	1
41.6953	37.5514	1
32.1857	57.4209	1
35.069	24.8716	1
34.6671	76.1915	1
36.3316	48.5672	1
36.939	44.926	1
39.4682	48.3053	1
35.7133	51.6434	1
38.3093	42.4712	1
30.4235	55.8494	1
32.1159	31.6608	1
35.5328	36.2572	1
36.2249	42.9951	1
35.8868	28.6309	1
37.2462	72.9612	1
38.7691	49.4454	1
36.7266	39.698	1
29.0302	90.6687	1
34.6392	68.4008	1
41.8459	57.4979	1
35.5767	37.3665	1
36.8123	42.3788	1
39.7036	43.2878	1
39.0234	30.2177	1
39.9938	37.726	1
31.8117	64.9753	1
43.0177	3.6411	1
27.994	46.1072	1
37.6591	41.1257	1
34.4527	46.5438	1
39.1222	39.5953	1
36.3296	65.3759	1
33.8932	50.9655	1
40.5713	50.0873	1
44.1856	11.0364	1
33.2878	61.3496	1
28.4508	67.7537	1
41.8309	39.8521	1
31.7768	39.4618	1
37.7139	51.4585	1
33.7246	58.6226	1
42.2747	40.607	1
37.319	54.3806	1
39.9709	44.849	1
31.5036	72.3295	1
38.6295	5.8648	1
35.5956	18.8938	1
37.0038	58.8178	1
43.5652	2.5524	1
31.9653	87.8698	1
34.7648	45.0904	1
28.8138	48.7264	1
33.7525	38.9277	1
37.4905	41.4441	1
31.2213	94.0479	1
37.8855	71.0918	1
31.4497	76.022	1
34.7798	66.7882	1
44.3641	4.3909	1
36.2189	73.105	1
29.4102	65.9254	1
37.5603	28.9184	1
36.8024	47.4425	1
39.4034	28.3843	1
25.6832	78.1327	1
34.3848	79.5963	1
30.1382	64.4412	1
32.825	68.6165	1
30.1672	39.6621	1
34.8875	87.1662	1
30.6678	51.289	1
37.7728	5.3513	1
42.7554	28.5795	1
40.8814	53.0094	1
33.0813	51.7718	1
31.6761	64.3129	1
30.3018	34.1927	1
30.8413	71.3486	1
36.4064	43.3854	1
38.816	35.112	1
39.1451	43.524	1
35.2306	40.5043	1
30.988	31.7995	1
38.7242	20.1109	1
40.4945	37.3665	1
36.552	33.3659	1
36.7655	44.9466	1
34.2073	82.8677	1
35.1757	51.8642	1
39.7425	9.0283	1
30.8194	50.7138	1
36.9909	72.2781	1
38.2565	46.6002	1
41.9635	43.8887	1
38.0221	19.3919	1
29.848	55.5772	1
35.6126	17.8359	1
32.5059	23.1512	1
39.9759	19.1968	1
40.69	38.4655	1
35.3842	42.4764	1
32.7014	62.6952	1
37.2542	40.7303	1
40.0816	15.1448	1
35.8489	21.1021	1
35.9257	2.5164	1
35.8649	58.1964	1
34.318	74.7175	1
36.8173	65.3451	1
41.2175	40.2475	1
35.5946	63.1779	1
37.0058	39.5131	1
40.6102	47.5401	1
28.8477	63.2601	1
36.1092	83.977	1
26.7912	56.1319	1
31.8905	34.8295	1
38.6803	2.5267	1
39.6846	49.0499	1
41.1198	66.5058	1
37.6441	47.5041	1
29.6874	55.2177	1
40.2681	23.5518	1
29.7912	64.3129	1
29.4969	51.9618	1
39.0683	27.198	1
36.7066	74.2451	1
28.1795	52.3778	1
37.9663	16.9834	1
31.0249	63.5066	1
31.2143	62.9622	1
37.302	20.4396	1
32.7233	26.6434	1
30.6489	39.318	1
37.8974	17.235	1
35.9816	47.766	1
42.3585	26.0271	1
29.5797	67.271	1
35.3213	75.0462	1
30.9032	77.7783	1
42.9998	21.6619	1
35.1249	20.3061	1
30.2709	92.615	1
39.1162	39.6724	1
36.5191	67.6202	1
39.1062	65.2835	1
31.8137	64.7083	1
32.5548	84.1824	1
27.7995	91.6444	1
30.2589	51.0066	1
34.1844	36.704	1
39.6856	25.416	1
31.0348	30.9059	1
38.3821	30.377	1
39.939	56.0292	1
41.7012	50.0565	1
36.6428	82.3798	1
30.4773	54.6991	1
31.7599	44.5101	1
30.8543	55.8032	1
37.5593	48.1101	1
40.3858	29.4217	1
34.7778	41.7163	1
32.3383	45.2445	1
38.6335	38.789	1
33.7196	16.1411	1
30.1123	46.2099	1
33.7865	29.4012	1
38.3652	42.9797	1
33.2289	50.0154	1
36.3486	65.0678	1
34.9962	86.5961	1
29.1459	77.3829	1
34.8307	37.6438	1
28.5295	39.0972	1
33.2649	75.2619	1
37.1115	64.4721	1
31.0039	62.8852	1
35.0221	33.1656	1
39.3765	33.2477	1
37.3689	77.6243	1
34.1265	69.3046	1
31.4527	66.9371	1
35.084	15.5659	1
35.6544	22.6376	1
34.1535	53.4717	1
27.4644	48.7418	1
37.0826	73.3874	1
36.1202	18.6678	1
29.5468	63.5425	1
35.2356	31.3938	1
36.4483	50.3287	1
38.1587	67.6869	1
27.5472	72.4476	1
35.1428	44.6179	1
34.2043	46.3897	1
39.6258	50.5855	1
36.6817	39.8007	1
32.8958	13.2857	1
35.5048	42.5431	1
31.4557	65.6276	1
34.8027	79.2933	1
31.5315	41.4441	1
39.8023	43.7654	1
40.4466	26.1196	1
32.3842	42.4712	1
37.7448	53.1224	1
39.559	12.4332	1
33.6957	29.3755	1
34.697	80.9213	1
34.9513	23.0947	1
34.8636	38.3782	1
41.8369	25.6779	1
38.1916	49.5121	1
39.6976	26.2377	1
36.0683	22.1343	1
34.2173	52.8297	1
32.6984	67.9129	1
34.6501	22.0008	1
34.6192	60.2866	1
36.566	55.3205	1
37.3659	43.1954	1
37.9892	30.1099	1
30.8413	74.6354	1
40.7109	6.9587	1
37.8037	77.424	1
37.296	8.597	1
31.6522	47.6582	1
31.1545	73.6493	1
38.8519	81.7892	1
32.469	45.5783	1
37.4915	49.5994	1
40.669	17.7742	1
27.5362	51.2582	1
27.4953	96.5592	1
30.5042	51.5253	1
35.6295	43.3854	1
36.178	33.2888	1
42.0583	32.9653	1
27.1722	64.8007	1
36.1461	87.3459	1
35.9407	57.5698	1
37.4257	50.2157	1
35.3902	18.1748	1
28.2323	87.2997	1
31.2842	81.6403	1
39.6138	29.5039	1
38.2525	46.6259	1
36.9031	65.4273	1
38.6943	29.3242	1
38.1448	35.718	1
37.1654	63.7377	1
31.724	74.5481	1
33.1721	100	1
37.8356	63.9585	1
30.7626	55.5875	1
33.2349	82.6161	1
36.2319	37.2381	1
35.9068	90.4889	1
36.212	7.2977	1
33.0843	29.1495	1
31.5724	81.6403	1
40.0128	52.9273	1
39.0224	48.8599	1
34.8366	65.797	1
35.6395	81.8611	1
27.1502	79.1804	1
39.7904	36.5294	1
27.8504	81.0394	1
31.1615	48.0639	1
41.8867	52.9067	1
28.4727	61.817	1
39.9928	23.7726	1
33.4304	63.676	1
32.0212	83.561	1
34.339	81.7533	1
36.2329	0	1
43.9831	27.4291	1
32.2306	64.8675	1
39.5869	28.7849	1
36.2409	24.8665	1
36.8522	89.6929	1
31.1226	55.7313	1
30.4105	61.4575	1
38.44	54.2266	1
36.4044	62.1046	1
35.1488	19.6025	1
39.4154	45.8761	1
35.1189	51.099	1
38.7123	64.8624	1
38.2625	48.0279	1
42.0244	21.1483	1
38.9755	10.415	1
43.3768	42.3172	1
33.9341	20.2855	1
34.2801	38.9945	1
27.612	53.0094	1
35.829	38.5014	1
29.6765	36.7605	1
40.4277	49.2964	1
30.8384	69.6128	1
38.2944	15.1654	1
37.9234	46.1432	1
31.8736	51.9258	1
31.7699	64.2769	1
30.4045	40.9152	1
34.8556	63.486	1
31.2084	65.0678	1
32.0651	42.0707	1
33.2309	39.1537	1
32.4032	69.8901	1
30.8354	70.9634	1
29.115	56.6403	1
39.1052	12.4178	1
36.9629	76.1709	1
38.5277	22.5606	1
37.684	32.2206	1
33.972	93.4367	1
37.9224	60.112	1
35.1279	26.7358	1
33.4902	46.5181	1
28.8347	46.1894	1
38.064	23.1358	1
37.2811	74.2245	1
31.6063	92.5585	1
33.4115	19.9928	1
37.6162	34.9887	1
36.7395	38.4963	1
31.7	35.9696	1
35.6475	17.6459	1
40.685	51.3455	1
36.1581	57.1795	1
33.8453	37.8749	1
41.3292	68.221	1
36.6877	50.8782	1
34.7987	80.3461	1
40.9971	51.9412	1
28.8148	66.1463	1
38.9017	52.2032	1
33.4873	30.9265	1
31.715	67.7537	1
38.2475	40.8843	1
37.3649	0.5598	1
36.3705	19.0427	1
31.7679	45.491	1
37.1115	63.7325	1
38.5307	38.3936	1
34.0587	52.6705	1
40.6062	37.7311	1
36.8961	48.6339	1
40.1733	44.2327	1
38.3113	33.5661	1
36.4603	91.1771	1
34.1545	47.386	1
30.4215	36.5705	1
35.8529	84.6035	1
32.82	52.7989	1
29.2117	88.332	1
39.2039	41.8652	1
33.4653	42.0039	1
32.8998	70.5526	1
27.7127	77.1107	1
34.7848	73.8804	1
40.5154	57.2668	1
29.6785	60.6358	1
35.3622	75.2362	1
26.7653	45.0904	1
32.1558	89.4875	1
37.8795	42.1374	1
37.5234	56.7225	1
40.0995	24.6713	1
33.0893	28.0557	1
39.3286	67.5585	1
41.7491	23.6699	1
30.9401	82.0049	1
26.7034	78.3843	1
39.4144	24.2245	1
40.0626	66.439	1
33.9211	63.3679	1
36.2169	52.6859	1
28.8467	72.3963	1
40.3269	55.8186	1
25.8856	55.644	1
34.0926	46.8262	1
33.2429	78.9133	1
38.5696	50.2568	1
36.1741	27.085	1
38.9775	10.5279	1
36.926	38.7582	1
30.1642	40.9049	1
34.7778	21.1791	1
31.2752	44.2892	1
38.1627	49.9076	1
37.9613	32.1693	1
38.05	56.2346	1
27.9232	67.3788	1
30.2589	68.4675	1
33.9001	62.5103	1
34.9613	51.8642	1
36.3745	48.9626	1
37.0417	3.2714	1
38.6025	28.4357	1
35.7043	29.1701	1
35.4819	49.2656	1
31.7748	65.8022	1
34.332	82.5031	1
35.4899	44.279	1
38.9765	53.3227	1
32.1439	92.1836	1
34.0228	55.8083	1
30.8174	61.3188	1
38.45	10.8207	1
26.9318	72.4065	1
35.5856	47.6068	1
37.1804	53.4819	1
42.4881	41.7933	1
37.1036	18.9246	1
31.6661	49.1064	1
33.206	72.766	1
34.6731	61.4369	1
35.1717	52.3316	1
30.0455	77.4291	1
36.0085	47.6017	1
40.0217	67.1682	1
35.1568	88.6452	1
41.42	18.673	1
36.3237	51.2582	1
32.476	90.5505	1
35.9477	31.3373	1
37.4407	46.5386	1
37.2512	55.4437	1
42.0902	14.888	1
32.3304	75.6111	1
38.076	12.7619	1
34.0847	52.917	1
37.7339	39.3385	1
31.9763	74.2656	1
29.4152	48.9986	1
34.5245	33.6843	1
35.463	17.1836	1
40.6271	39.431	1
28.8686	61.8991	1
39.9609	14.7648	1
39.4872	11.0261	1
37.8326	21.5592	1
36.6059	74.9743	1
26.2616	57.4363	1
38.438	43.1543	1
36.9619	33.8794	1
32.2705	72.1806	1
37.1295	22.8533	1
33.6388	49.9743	1
38.1597	26.176	1
44.76	15.2167	1
43.3269	36.0364	1
31.9195	71.2202	1
35.5019	38.3936	1
39.8213	65.6378	1
35.5368	58.3813	1
34.8556	46.3948	1
38.2724	42.3069	1
29.0841	49.1372	1
35.9167	40.3143	1
39.55	42.4353	1
37.4187	17.6099	1
31.6322	63.7788	1
27.6808	44.1506	1
34.7499	93.3956	1
34.2333	71.4667	1
34.8985	23.6442	1
32.5867	46.3435	1
34.8396	60.1376	1
35.46	45.3882	1
30.5242	93.8219	1
27.6968	77.2802	1
31.4298	65.9357	1
36.4274	76.1863	1
39.6168	35.4047	1
36.6667	64.0612	1
28.1406	96.0918	1
29.5757	73.9472	1
35.465	55.8289	1
32.1768	41.1719	1
32.1788	39.0715	1
42.6667	12.7722	1
33.5052	49.2862	1
37.697	60.7744	1
36.7375	8.6278	1
37.6212	30.4026	1
35.6923	84.2235	1
36.6458	54.0571	1
41.3352	38.296	1
26.6945	56.5889	1
26.6177	92.8102	1
32.6535	50.6882	1
38.1717	70.0544	1
33.1083	16.5674	1
36.2359	59.2389	1
43.0885	22.5144	1
37.694	32.6161	1
36.5381	41.1925	1
35.8001	38.4963	1
36.9649	39.241	1
40.7508	23.0844	1
33.4055	61.4883	1
35.0201	37.0583	1
34.2692	58.597	1
32.6136	61.591	1
34.2263	5.4951	1
35.5298	94.8131	1
39.7395	30.1972	1
36.7784	42.0193	1
29.856	51.5304	1
37.9084	44.546	1
32.5956	32.991	1
35.7811	39.9291	1
39.8342	37.6643	1
40.3888	14.3694	1
38.5587	3.3484	1
34.6202	54.9096	1
39.1251	37.2586	1
37.8496	29.2317	1
41.6524	37.4897	1
39.558	67.0142	1
35.4739	47.2422	1
35.5757	51.7204	1
40.6929	53.1532	1
40.656	17.2042	1
39.0573	21.0405	1
35.6604	36.4421	1
42.4642	47.2062	1
32.5508	54.6374	1
25.8747	72.0368	1
29.858	69.2482	1
41.8139	54.5142	1
37.5992	49.6405	1
34.4846	26.0323	1
35.7013	30.2023	1
28.0099	52.8092	1
35.0371	51.592	1
43.671	36.6834	1
41.3023	16.7471	1
39.7684	45.6553	1
42.3276	26.438	1
30.0325	80.6902	1
25.3122	80.9162	1
35.6874	50.1952	1
34.7329	54.8531	1
35.1428	49.5789	1
33.212	48.295	1
53.7313	31.8115	2
79.2402	90.5744	2
69.3351	91.1635	2
47.7612	89.5434	2
51.289	40.3535	2
58.0733	10.6038	2
79.1045	25.1841	2
73.4057	52.1355	2
64.0434	54.7865	2
88.4668	41.5317	2
85.7531	43.7408	2
98.9145	58.7629	2
91.9946	76.2887	2
79.7829	80.1178	2
46.54	77.1723	2
51.289	59.9411	2
56.445	24.4477	2
54.9525	12.0766	2
75.441	9.1311	2
62.6866	32.4006	2
72.7273	43.5935	2
84.1248	72.3122	2
67.9783	66.4212	2
62.1438	75.8468	2
59.1588	89.838	2
86.5672	92.1944	2
81.6825	19.5876	2
78.4261	3.2401	2
16.0109	80.2651	2
11.5332	91.8999	2
52.3745	34.6097	2
55.9023	3.5346	2
75.5767	10.4566	2
96.6079	35.4934	2
81.6825	51.2518	2
51.6961	56.701	2
51.5604	65.5376	2
75.9837	75.8468	2
52.1031	78.2032	2
63.365	28.4242	2
91.1805	9.5729	2
63.772	14.8748	2
71.6418	43.1517	2
84.5319	49.7791	2
91.9946	57.5847	2
94.7083	80.4124	2
51.4247	89.2489	2
72.4559	87.187	2
73.4057	62.1502	2
63.0936	62.0029	2
51.6057	41.2898	2
2.597	7.38	2
7.38	1	2
12.3474	8.9838	3
9.6336	6.7747	3
12.076	8.8365	3
11.6689	8.6892	3
11.5332	8.542	3
10.9905	8.1001	3
10.1764	7.6583	3
8.8195	6.7747	3
8.0054	5.7437	3
7.327	5.5965	3
8.0054	6.0383	3
9.498	6.9219	3
10.8548	7.511	3
12.2117	9.2784	3
12.076	9.2784	3
11.5332	8.8365	3
10.1764	8.1001	3
8.8195	6.3328	3
7.5984	6.1856	3
8.4125	6.6274	3
10.1764	7.2165	3
11.1262	8.2474	3
11.9403	8.8365	3
12.076	8.2474	3
11.6689	8.1001	3
10.7191	7.511	3
9.905	6.9219	3
9.905	6.9219	3
8.0054	5.7437	3
8.5482	5.891	3
9.6336	6.7747	3
11.3976	8.542	3
10.9905	8.3947	3
10.7191	8.1001	3
11.6689	8.8365	3
10.4478	7.511	3
9.905	7.2165	3
8.8195	6.6274	3
9.3623	7.0692	3
10.9905	7.9529	3
11.2619	7.9529	3
11.6689	8.542	3
10.5834	7.3638	3
9.2266	6.6274	3
8.6839	6.3328	3
8.1411	6.0383	3
9.498	6.7747	3
10.3121	7.9529	3
9.7693	6.9219	3
10.5834	7.511	3
9.3623	7.2165	3
81.7679	32.9396	4
74.8873	36.6167	4
88.9117	29.7145	4
82.6984	32.5236	4
95.1909	26.5253	4
78.1695	34.8757	4
75.2144	36.2315	4
85.807	30.8854	4
80.6558	33.6329	4
82.2306	32.7136	4
89.6328	29.2677	4
85.3632	31.4657	4
88.1238	29.6169	4
85.2027	31.3014	4
79.5668	34.2749	4
88.2285	29.9199	4
85.1997	31.4503	4
94.411	26.628	4
79.5717	34.3005	4
92.0343	27.9016	4
80.7276	33.448	4
74.7579	36.6478	4
97.0788	24.9024	4
87.0098	30.1972	4
97.8607	24.9795	4
94.8159	25.9963	4
93.5084	27.311	4
77.8055	34.9836	4
88.9785	29.4012	4
99.5991	23.8599	4
83.4573	32.385	4
80.0943	33.6432	4
93.7557	27.2032	4
89.4463	28.7695	4
80.242	33.9256	4
84.8985	31.6608	4
88.2236	29.4269	4
80.2529	33.7099	4
83.3317	32.3233	4
88.3562	29.1804	4
83.6757	31.8509	4
89.8961	28.9852	4
76.2606	35.6358	4
93.1284	27.347	4
86.942	30.151	4
84.707	31.5376	4
97.2015	24.8511	4
93.5583	26.7153	4
98.0263	24.5532	4
96.3468	25.0924	4
85.2525	31.0857	4
77.9072	34.8295	4
83.3566	32.0357	4
98.9309	24.091	4
95.2278	26.4123	4
77.2659	35.2814	4
95.148	26.1093	4
95.9568	26.2274	4
76.5209	35.6563	4
77.0834	35.3122	4
97.6393	24.7946	4
99.3098	23.8702	4
81.8516	32.8318	4
85.09	30.9624	4
97.2703	25.2876	4
88.5926	29.7761	4
99.3707	24.3581	4
86.8433	30.5721	4
89.7026	28.8003	4
77.4794	35.3944	4
96.6031	25.0308	4
82.2157	32.9704	4
99.6659	23.9523	4
75.3191	36.3804	4
80.9151	33.3659	4
79.475	34.167	4
82.7283	32.1076	4
93.5263	27.1569	4
92.549	27.5729	4
83.5082	31.8714	4
76.2467	35.8053	4
88.5756	29.432	4
96.0536	25.2311	4
88.6434	29.1906	4
80.2948	33.5867	4
81.2512	33.3761	4
82.3942	32.8215	4
78.7041	34.4495	4
87.0417	29.9661	4
93.7926	26.818	4
86.7565	30.8494	4
90.3997	28.8928	4
92.548	27.311	4
96.2181	25.9244	4
93.7916	26.7512	4
99.9811	23.8804	4
87.6621	29.8274	4
97.1177	25.4982	4
90.8755	28.1789	4
87.9852	30.0123	4
82.6306	32.5236	4
80.0874	33.7099	4
79.9078	34.357	4
82.5448	32.4723	4
75.2324	36.3137	4
94.5666	26.5355	4
82.6555	32.5236	4
96.6031	25.7087	4
85.5737	31.1062	4
80.7157	33.6483	4
92.6447	27.6191	4
83.1232	32.0255	4
83.6458	32.3387	4
88.7621	29.1393	4
90.4486	28.4049	4
97.2065	24.7586	4
90.9393	28.3535	4
96.6929	25.4982	4
85.9217	30.8648	4
88.3532	29.3755	4
95.1829	26.1247	4
80.3257	33.8589	4
93.5283	27.3418	4
89.3256	28.7798	4
84.8646	31.5376	4
88.071	29.7658	4
82.3224	32.7753	4
85.081	31.137	4
76.131	35.9696	4
90.5483	28.2765	4
87.5414	30.3615	4
81.2373	33.1245	4
98.4222	24.6816	4
75.0987	36.4986	4
89.2807	29.242	4
80.602	33.3453	4
96.4784	25.5752	4
82.4411	32.6777	4
77.1273	35.5844	4
85.9267	30.9367	4
86.2618	30.9573	4
92.9878	27.6191	4
90.6291	28.8055	4
93.669	26.8437	4
75.0489	36.6372	4
86.1751	30.8546	4
94.4938	26.705	4
79.465	34.4495	4
85.0949	31.5838	4
98.3853	24.6302	4
79.5737	34.1876	4
86.3456	30.9829	4
98.5998	24.3581	4
76.9498	35.3995	4
93.4775	26.9618	4
77.9441	34.8295	4
77.4345	35.1941	4
83.7565	31.8355	4
80.9989	33.4737	4
79.5837	34.0283	4
86.571	30.757	4
91.4599	28.0557	4
98.0472	24.6508	4
80.1073	33.9102	4
90.4466	28.6925	4
82.2845	32.5596	4
77.989	34.8809	4
97.1546	25.5136	4
96.629	25.1181	4
93.7757	27.0645	4
85.7432	30.9881	4
98.3634	24.3632	4
87.33	30.1407	4
95.0493	26.0579	4
85.0112	31.1011	4
80.1841	34.0746	4
83.9989	31.8406	4
83.7146	32.5544	4
76.8431	35.8874	4
80.605	33.8127	4
84.0537	32.0768	4
85.1558	31.2962	4
94.3691	26.4482	4
84.9294	31.4606	4
97.1357	25.5341	4
85.1358	31.1113	4
77.611	35.2506	4
84.7688	31.4297	4
79.3843	34.0643	4
86.3396	30.9829	4
84.4467	31.8149	4
75.9485	36.0826	4
92.0453	27.7732	4
97.4538	25	4
78.1685	34.6652	4
91.0929	28.4614	4
97.8777	24.9024	4
90.8106	28.7849	4
95.8741	26.1144	4
79.5568	34.1773	4
92.6706	27.5524	4
85.1179	31.3784	4
94.1916	26.4328	4
97.4439	24.7946	4
89.4044	28.9287	4
80.6878	33.5507	4
83.3805	32.3233	4
77.5073	35.2968	4
78.8766	34.0592	4
93.5623	27.2237	4
79.121	34.506	4
82.6335	32.7547	4
76.0861	36.1237	4
76.7832	35.5793	4
90.9882	28.3022	4
91.1567	28.2508	4
84.1575	31.9433	4
83.4464	32.5031	4
96.0257	26.135	4
88.2046	29.771	4
88.9416	29.3447	4
96.8514	25.0924	4
90.5204	28.5744	4
99.1553	24.1475	4
100	23.9472	4
97.6184	24.7329	4
85.9656	31.1781	4
88.2605	30.0431	4
77.1562	35.2712	4
87.3838	29.7915	4
88.2694	29.4525	4
89.2887	28.7644	4
77.8035	34.7833	4
82.6016	32.7239	4
91.3153	28.3998	4
98.0213	24.8254	4
79.8111	34.393	4
79.1479	34.4084	4
87.304	30.4437	4
97.1257	25.077	4
76.491	35.7436	4
83.9989	32.1025	4
94.2953	27.0902	4
83.4035	32.2823	4
77.3487	35.2352	4
89.9679	28.7336	4
98.8122	24.4505	4
78.36	34.963	4
81.6133	33.2118	4
91.1378	28.5025	4
79.1848	34.5727	4
81.6941	32.9242	4
